Distortion0= 0.0602051
LM0= 0.20555
WordPenalty0= 0.0951311
PhrasePenalty0= 0.0587068
TranslationModel0= 0.389241
TranslationModel0= 0.0433215
TranslationModel0= 0.100112
TranslationModel0= -0.0477332
