Distortion0= 0.00455437
LM0= 0.168315
WordPenalty0= -0.160176
PhrasePenalty0= 0.00312375
TranslationModel0= 0.477347
TranslationModel0= 0.00221783
TranslationModel0= 0.180524
TranslationModel0= 0.00374277
