Distortion0= 0.0742772
LM0= 0.143127
WordPenalty0= 0.0307108
PhrasePenalty0= 0.00100975
TranslationModel0= 0.438255
TranslationModel0= 0.0468617
TranslationModel0= 0.214116
TranslationModel0= -0.0516438
