Distortion0= 0.207215
LM0= 0.144191
WordPenalty0= -0.135812
PhrasePenalty0= -0.123694
TranslationModel0= 0.151531
TranslationModel0= -0.00241738
TranslationModel0= 0.222532
TranslationModel0= 0.0126066
