Distortion0= 0.0645421
LM0= 0.201639
WordPenalty0= 0.045149
PhrasePenalty0= -0.178003
TranslationModel0= 0.234604
TranslationModel0= 0.068283
TranslationModel0= 0.167819
TranslationModel0= -0.0399603
