Distortion0= 0.00487031
LM0= 0.220275
WordPenalty0= -0.0360397
PhrasePenalty0= -0.254933
TranslationModel0= 0.248068
TranslationModel0= 0.0489972
TranslationModel0= 0.173183
TranslationModel0= -0.0136346
