Distortion0= 0.00488004
LM0= 0.218717
WordPenalty0= -0.0361117
PhrasePenalty0= -0.255442
TranslationModel0= 0.248563
TranslationModel0= 0.049095
TranslationModel0= 0.173529
TranslationModel0= -0.0136618
