Distortion0= 0.00566574
LM0= 0.157883
WordPenalty0= -0.18274
PhrasePenalty0= 0.0201462
TranslationModel0= 0.0653129
TranslationModel0= 0.0109626
TranslationModel0= 0.539551
TranslationModel0= 0.0177382
