Distortion0= 0.00299325
LM0= 0.200067
WordPenalty0= -0.0631616
PhrasePenalty0= -0.0646575
TranslationModel0= 0.161364
TranslationModel0= 0.00261533
TranslationModel0= 0.482513
TranslationModel0= -0.0226286
