Distortion0= 0.151354
LM0= 0.190957
WordPenalty0= -0.0312187
PhrasePenalty0= -0.159044
TranslationModel0= 0.17765
TranslationModel0= 0.0536054
TranslationModel0= 0.213648
TranslationModel0= -0.0225231
