Distortion0= 0.0752137
LM0= 0.145611
WordPenalty0= 0.031098
PhrasePenalty0= 0.00102248
TranslationModel0= 0.44378
TranslationModel0= 0.0474525
TranslationModel0= 0.209681
TranslationModel0= -0.0461411
