Distortion0= 0.155415
LM0= 0.196081
WordPenalty0= -0.0320564
PhrasePenalty0= -0.147522
TranslationModel0= 0.171373
TranslationModel0= 0.0550438
TranslationModel0= 0.219381
TranslationModel0= -0.0231274
