Distortion0= 0.0687595
LM0= 0.301712
WordPenalty0= 0.0582586
PhrasePenalty0= 0.00451675
TranslationModel0= 0.295259
TranslationModel0= 0.0715684
TranslationModel0= 0.177879
TranslationModel0= -0.0220467
