Distortion0= 0.177353
LM0= 0.165341
WordPenalty0= 0.0102749
PhrasePenalty0= -0.0975646
TranslationModel0= 0.187725
TranslationModel0= 0.0451164
TranslationModel0= 0.28827
TranslationModel0= -0.0283555
